5 2013 180 122 
12 2018 59 199 
6 2014 89 60 
4 2014 112 166 
8 2012 200 39 
2 2015 76 93 
1 2012 107 130 
2 2016 188 40 
5 2014 151 11 
4 2012 96 178 
9 2013 83 74 
11 2018 188 129 
2 2017 45 110 
4 2018 150 39 
2 2012 56 137 
8 2013 183 165 
4 2016 191 167 
9 2018 75 184 
2 2013 17 178 
5 2012 23 156
11 2015 62 69 
10 2017 95 41 
6 2017 65 154 
9 2016 84 84 
6 2012 96 172 
4 2013 83 73 
8 2015 143 111 
9 2014 80 171 
5 2018 159 99 
7 2015 45 186 
6 2013 173 86 
7 2014 157 36 
6 2018 147 87 
9 2017 65 157 
10 2012 107 170 
8 2017 195 126 
7 2017 179 58 
9 2012 133 119 
11 2013 36 128 
5 2017 173 22 
5 2016 46 157 
11 2014 108 102 
7 2012 55 47 
10 2016 51 117 
3 2013 48 84 
10 2015 170 148 
1 2015 78 170 
1 2018 49 46 
3 2017 153 197 
3 2018 174 170 
12 2017 163 119 
12 2014 178 116 
1 2013 143 160 
3 2016 127 49 
1 2017 107 21 
1 2014 29 137 
12 2015 82 33 
2 2018 105 49 
8 2016 127 196 
3 2015 168 157 
10 2014 170 189 
8 2014 137 154 
7 2018 161 95 
4 2017 152 33 
5 2015 197 191 
1 2016 110 14 
4 2015 126 38 
11 2012 136 152 
12 2016 132 122 
12 2013 32 186 
11 2017 181 183 
7 2013 64 120